./positive/img_11.png 5 453 165 35 36 519 156 35 32 487 216 40 34 451 290 41 34 275 108 36 33
./positive/img_110.png 7 231 158 33 40 173 176 42 37 176 293 61 50 37 290 48 50 278 244 41 51 476 288 45 49 536 268 40 51
./positive/img_111.png 6 123 279 62 54 45 263 44 47 287 239 43 51 204 167 42 44 265 154 33 43 492 294 45 55
./positive/img_112.png 6 287 237 42 54 57 297 73 46 490 300 50 47 203 174 43 40 263 159 34 43 37 248 42 45
./positive/img_113.png 9 309 239 35 40 91 297 54 44 96 238 40 40 36 320 50 45 523 195 30 44 279 123 33 40 227 140 41 38 511 335 45 40 477 292 43 37
./positive/img_114.png 9 111 233 33 38 61 286 50 39 71 322 43 38 490 306 38 46 475 291 31 31 315 243 33 35 232 131 33 40 284 120 30 36 517 175 28 41
./positive/img_115.png 12 459 311 37 31 463 284 31 35 330 226 37 35 160 296 42 37 163 343 36 34 96 253 46 38 3 275 26 39 58 178 37 31 163 183 33 35 109 202 35 37 302 109 36 30 353 101 28 30
./positive/img_116.png 13 333 228 30 35 449 255 35 38 456 310 46 32 160 299 40 37 97 272 39 37 30 266 45 38 57 202 35 34 109 177 37 39 164 183 35 39 308 117 29 33 353 99 26 32 564 158 28 33 163 341 37 35
./positive/img_117.png 14 329 217 31 46 450 248 34 41 459 306 42 33 450 319 40 40 567 138 23 37 355 99 26 30 311 136 31 27 166 186 30 33 117 156 34 34 13 221 45 33 75 258 43 35 99 306 38 36 162 298 37 33 161 342 39 35
./positive/img_118.png 11 100 258 38 33 162 298 38 35 101 344 35 31 159 340 41 38 165 188 31 31 155 136 28 28 340 147 36 29 329 224 33 40 450 249 31 38 459 309 37 33 353 99 28 32
./positive/img_119.png 10 222 129 36 26 206 186 31 34 148 262 40 33 208 300 35 33 213 342 34 35 504 309 35 35 489 255 34 34 373 225 30 37 415 162 35 35 388 102 28 36
./positive/img_12.png 7 452 163 35 40 512 173 27 34 487 215 43 34 448 290 51 36 568 159 26 33 546 93 26 37 291 137 33 33
./positive/img_120.png 9 315 186 28 27 251 253 36 33 70 210 34 29 115 346 38 32 305 341 33 35 307 298 34 36 475 245 31 35 390 125 33 30 504 113 27 36
./positive/img_121.png 8 410 194 33 35 492 137 26 35 572 141 22 38 553 280 30 43 292 306 37 39 375 342 41 36 79 239 45 34 33 250 37 36
./positive/img_122.png 6 528 227 39 37 314 329 37 40 224 270 39 37 147 278 42 37 4 333 51 35 222 135 27 27
./positive/img_123.png 5 245 144 26 26 230 136 28 25 208 255 37 39 151 281 39 41 320 331 36 41
./positive/img_124.png 5 273 140 32 30 266 139 30 28 194 247 32 36 150 283 40 37 352 330 43 37
./positive/img_125.png 4 304 166 34 36 142 248 40 46 84 280 45 52 401 318 51 50
./positive/img_126.png 5 369 298 47 60 111 249 47 53 39 281 59 58 328 197 39 34 315 185 37 37
./positive/img_127.png 8 328 275 52 65 111 250 48 51 103 302 41 59 38 290 52 51 558 247 37 49 368 203 33 36 345 183 39 39 454 123 26 28
./positive/img_128.png 8 331 277 47 60 149 276 49 54 108 249 47 48 40 279 63 60 138 334 54 44 485 255 53 45 474 128 24 26 376 170 32 40
./positive/img_129.png 9 335 277 40 61 171 274 48 53 110 259 47 42 104 313 54 59 2 292 43 52 428 249 44 51 431 213 40 43 377 171 32 38 496 126 26 27
./positive/img_13.png 6 446 283 41 41 486 218 40 33 452 165 33 35 281 163 35 34 521 185 30 34 569 155 26 38
./positive/img_130.png 6 454 200 36 48 331 278 50 60 211 295 43 44 112 250 48 52 71 300 48 53 532 121 24 29
./positive/img_131.png 7 469 196 34 48 377 168 29 44 330 292 56 44 369 245 33 38 203 328 53 47 96 258 56 49 39 281 50 54
./positive/img_132.png 6 333 288 55 46 333 239 42 51 375 173 31 36 468 194 32 47 45 286 60 46 5 272 46 49
./positive/img_133.png 6 321 272 47 51 367 306 47 58 33 315 64 45 41 271 47 46 519 216 33 48 418 190 39 38
./positive/img_134.png 6 374 335 40 43 131 266 50 42 232 228 33 43 28 242 38 44 58 196 34 42 322 292 51 50
./positive/img_135.png 5 287 318 59 46 101 278 54 47 236 232 36 41 61 223 38 43 68 181 35 38
./positive/img_136.png 6 267 329 49 41 230 245 41 36 141 267 45 41 79 270 43 40 111 193 31 37 74 137 38 37
./positive/img_137.png 6 266 314 42 40 242 248 29 34 179 236 41 36 132 235 38 39 168 158 25 32 143 96 29 30
./positive/img_138.png 7 251 246 29 34 216 203 31 32 176 199 30 32 218 124 25 31 205 54 28 35 47 166 32 34 549 305 36 38
./positive/img_139.png 9 517 265 31 37 371 344 33 33 271 295 34 32 235 280 31 26 219 205 30 32 177 200 29 27 218 119 26 36 212 60 28 29 47 168 31 32
./positive/img_14.png 5 282 174 33 32 456 169 35 32 485 216 37 32 558 197 31 35 451 292 42 31
./positive/img_140.png 9 213 203 38 34 175 198 33 36 47 167 32 39 214 118 35 40 215 69 33 36 493 265 35 35 382 310 36 42 270 292 41 36 218 300 40 39
./positive/img_141.png 8 189 221 32 33 234 232 35 30 58 185 33 40 232 142 28 37 251 112 30 35 289 325 50 37 412 338 34 36 482 311 42 38
./positive/img_142.png 5 258 186 34 35 306 164 34 31 294 274 30 33 238 280 40 33 76 244 35 32
./positive/img_143.png 5 298 207 31 39 356 287 38 39 297 318 38 31 110 241 30 34 361 203 30 33
./positive/img_144.png 9 361 182 33 40 381 224 33 27 348 282 36 30 292 291 34 32 70 141 36 27 70 109 32 29 226 128 34 32 11 68 33 29 56 41 25 28
./positive/img_145.png 7 393 181 39 40 300 96 34 34 343 270 36 35 285 288 42 36 169 306 40 41 4 280 44 36 3 221 30 35
./positive/img_146.png 13 442 181 33 37 429 91 31 28 355 203 37 36 350 249 33 34 272 266 32 29 241 294 38 36 154 307 38 40 188 210 33 39 69 260 38 38 26 247 37 35 65 130 33 28 99 138 33 34 139 118 29 27
./positive/img_147.png 14 168 211 35 42 142 138 29 31 88 147 34 34 54 138 33 31 32 250 39 44 116 300 44 42 327 198 38 39 436 166 32 42 436 110 29 27 338 57 27 26 367 37 26 29 231 281 36 29 239 310 39 29 346 253 34 36
./positive/img_148.png 17 296 207 50 44 232 291 41 44 179 263 47 43 68 250 57 43 176 192 38 40 212 150 35 34 136 139 37 32 24 200 38 45 47 96 30 30 111 127 29 32 105 55 25 25 6 76 30 28 478 177 30 40 349 254 35 37 509 150 30 31 404 91 28 35 459 91 26 33
./positive/img_149.png 15 233 257 47 50 229 204 52 45 167 176 46 44 54 196 44 41 198 125 40 33 190 137 28 35 294 155 35 44 353 186 46 45 379 149 33 31 314 91 27 22 265 94 31 32 157 86 27 29 408 61 22 28 347 115 30 26 334 120 31 33
./positive/img_15.png 5 321 155 39 42 480 170 29 36 466 206 36 38 449 284 41 44 562 124 30 36
./positive/img_150.png 16 336 183 44 40 241 203 52 44 235 277 46 47 126 170 43 37 180 168 52 41 228 125 25 29 266 123 36 32 286 146 30 34 381 112 24 32 333 118 36 28 370 147 33 41 205 79 24 29 329 83 25 22 335 95 25 21 377 68 22 24 452 61 22 26
./positive/img_151.png 12 315 181 48 43 241 202 49 44 234 274 46 47 186 167 53 41 155 148 32 44 232 107 26 35 247 135 37 38 298 131 38 37 379 118 30 27 368 99 29 25 306 101 30 27 294 78 31 25
./positive/img_152.png 11 231 106 30 34 204 135 45 36 180 170 49 39 160 142 31 38 241 200 49 45 232 273 47 50 316 184 46 40 282 155 43 36 341 151 33 34 381 118 26 27 452 61 20 25
./positive/img_153.png 12 380 168 30 34 315 180 43 42 245 205 53 39 236 274 42 45 256 156 39 36 184 171 44 35 210 136 38 37 166 134 30 36 229 105 31 33 290 97 25 25 382 117 27 26 379 97 28 25
./positive/img_154.png 11 240 207 54 35 235 278 40 42 334 169 34 49 385 177 28 43 382 116 24 29 368 97 23 24 207 134 40 37 184 169 48 39 177 120 27 31 227 109 36 31 452 61 23 25
./positive/img_155.png 11 240 200 50 47 236 275 40 44 369 169 34 40 378 114 25 26 343 89 29 31 295 80 24 26 198 138 46 34 181 164 48 41 180 100 28 38 240 85 25 33 226 117 32 31
./positive/img_156.png 13 209 209 49 43 191 289 50 46 355 258 48 40 356 225 38 37 382 167 33 41 361 118 26 27 318 87 25 25 270 89 28 28 227 80 23 28 553 138 28 34 134 143 42 37 174 155 26 43 186 173 44 37
./positive/img_157.png 20 284 246 45 46 275 296 49 45 85 319 55 50 118 232 60 47 69 189 49 47 51 156 39 38 98 160 35 48 163 96 39 44 221 99 28 38 307 127 33 31 354 173 46 44 276 87 22 28 322 77 22 23 400 68 24 30 513 136 27 33 517 162 34 39 540 204 45 44 564 118 30 36 570 65 22 31 118 158 34 32
./positive/img_158.png 11 204 228 36 48 274 312 43 50 75 177 36 40 3 179 37 39 95 94 30 32 296 180 37 39 276 141 31 35 289 118 25 31 284 70 26 30 501 179 34 34 0 296 45 68
./positive/img_159.png 8 173 252 54 49 35 308 59 67 247 194 41 34 247 145 41 36 42 183 46 47 53 102 34 34 239 110 31 30 512 185 36 36
./positive/img_16.png 5 354 140 30 38 512 181 42 38 432 187 33 39 450 286 42 39 527 110 30 40
./positive/img_160.png 8 421 171 38 43 297 214 40 41 171 319 52 53 106 248 48 48 63 191 44 40 36 136 37 36 144 71 28 34 531 306 50 63
./positive/img_161.png 8 298 217 38 41 174 321 53 51 113 253 43 44 26 293 66 60 63 190 47 43 34 136 43 33 465 168 40 41 479 302 58 65
./positive/img_162.png 8 506 166 39 42 297 216 41 39 261 319 51 58 174 319 50 55 128 279 47 52 105 246 47 47 60 190 49 41 38 134 36 37
./positive/img_163.png 9 298 212 37 46 209 271 49 45 282 291 46 59 361 301 54 51 554 158 37 44 170 321 55 49 109 251 43 43 68 196 43 32 35 133 39 36
./positive/img_164.png 7 92 137 35 38 85 190 49 37 139 247 49 49 291 241 43 49 209 319 61 53 344 266 43 50 331 299 63 51
./positive/img_165.png 10 291 290 55 61 195 309 53 54 224 224 52 50 251 161 37 42 317 123 37 35 430 224 38 48 390 248 42 45 396 288 50 53 30 116 33 39 167 57 29 38
./positive/img_166.png 8 298 185 41 42 224 260 52 39 211 334 43 42 400 327 40 48 435 287 46 48 444 141 38 42 110 117 34 35 254 61 39 43
./positive/img_167.png 7 306 210 42 46 137 280 68 49 88 164 38 38 183 114 29 38 339 78 32 36 547 202 43 44 542 146 30 41
./positive/img_168.png 6 338 209 41 45 134 227 46 48 135 329 62 49 257 148 36 40 358 102 36 35 502 93 38 36
./positive/img_169.png 10 166 198 47 46 102 291 52 55 357 203 43 48 330 162 32 34 443 102 31 36 527 307 47 56 349 89 29 31 317 80 27 29 250 69 24 28 4 98 39 37
./positive/img_17.png 4 362 118 30 44 405 149 32 35 448 286 40 40 465 101 34 34
./positive/img_170.png 13 450 136 37 37 251 159 41 40 161 242 38 41 3 202 50 38 3 241 49 40 118 126 39 32 5 125 38 36 4 88 33 36 98 48 37 36 181 33 36 31 511 51 27 32 547 88 33 35 457 34 32 30
./positive/img_171.png 9 404 178 31 34 246 151 35 28 200 236 34 36 145 97 36 36 29 94 39 32 59 194 45 35 26 242 47 33 489 111 30 32 535 60 25 28
./positive/img_172.png 7 295 147 29 38 360 101 31 33 241 66 35 34 193 77 30 31 241 4 32 31 363 29 31 29 481 204 37 39
./positive/img_173.png 9 280 299 36 40 346 134 28 32 239 168 36 33 147 273 37 37 403 83 30 34 329 48 32 30 298 26 28 34 455 26 27 38 507 230 31 34
./positive/img_174.png 9 385 132 32 30 308 151 32 33 281 295 42 35 158 230 35 34 517 246 32 40 522 41 29 33 439 77 25 33 396 45 26 28 389 10 27 29
./positive/img_175.png 8 283 271 34 29 175 244 27 29 434 153 28 29 481 149 36 31 514 302 34 39 570 102 22 29 558 70 23 29 232 138 29 39
./positive/img_176.png 5 278 275 32 34 145 306 30 35 479 162 34 31 523 158 29 32 505 328 33 35
./positive/img_177.png 7 256 282 35 33 168 234 33 35 291 143 33 30 315 98 35 39 545 186 40 39 561 153 28 32 483 348 32 29
./positive/img_178.png 4 239 307 39 35 274 130 34 35 317 102 31 37 546 129 26 32
./positive/img_179.png 5 528 104 24 32 319 105 28 34 247 126 32 27 239 304 36 38 483 342 32 36
./positive/img_18.png 5 417 296 41 37 311 340 35 36 335 132 31 34 378 155 33 37 551 285 40 42
./positive/img_180.png 6 528 100 27 36 317 102 32 35 266 101 30 32 241 299 34 37 202 187 28 33 484 343 32 33
./positive/img_181.png 6 202 185 29 34 237 304 36 35 484 335 40 32 527 101 26 34 318 101 29 36 275 89 26 32
./positive/img_182.png 7 203 185 27 35 239 300 39 38 381 320 29 31 500 297 32 39 516 110 32 32 321 101 25 32 275 90 29 32
./positive/img_183.png 7 277 91 27 31 195 191 32 37 237 299 39 44 374 305 31 38 516 264 30 40 468 127 33 34 319 99 28 36
./positive/img_184.png 6 429 115 34 30 376 305 33 38 239 305 37 35 177 221 32 33 277 94 26 26 318 101 26 34
./positive/img_185.png 7 174 246 35 30 242 303 28 37 387 334 37 36 536 209 34 36 512 38 28 27 322 105 24 31 275 95 24 27
./positive/img_186.png 6 308 116 28 35 257 122 32 29 175 306 32 34 225 324 37 39 543 197 31 33 529 70 20 24
./positive/img_187.png 5 433 112 28 28 469 201 29 32 550 225 28 38 208 186 28 36 144 228 30 30
./positive/img_188.png 4 432 186 27 27 539 180 26 32 555 259 29 30 157 242 31 39
./positive/img_189.png 7 448 214 35 39 534 218 31 42 525 276 34 42 440 99 35 34 111 235 33 43 232 226 41 37 47 335 36 39
./positive/img_19.png 9 204 211 34 37 259 210 36 36 400 307 39 39 509 230 36 38 502 151 33 36 564 10 29 34 431 11 26 26 333 128 35 28 257 134 31 34
./positive/img_190.png 7 220 220 45 36 88 215 37 43 31 315 44 42 477 238 40 35 539 236 31 45 513 282 37 41 462 115 34 35
./positive/img_191.png 4 467 188 33 42 457 250 39 32 421 208 33 39 291 127 37 33
./positive/img_192.png 5 225 157 38 31 369 250 34 37 435 240 33 35 427 180 31 37 558 196 32 42
./positive/img_193.png 7 334 258 41 36 358 211 27 35 362 178 37 35 492 159 25 39 471 69 21 29 507 66 34 32 158 212 32 36
./positive/img_194.png 6 155 210 35 37 367 177 34 40 356 209 27 41 493 160 29 35 470 69 25 29 512 63 30 34
./positive/img_195.png 6 321 227 31 38 303 200 40 27 406 146 30 37 332 69 24 28 369 58 33 33 165 48 28 33
./positive/img_196.png 13 251 255 36 34 348 251 32 33 300 275 43 37 287 167 34 39 393 78 31 32 161 104 34 30 130 125 31 35 136 57 27 35 106 60 22 24 209 37 36 30 358 22 32 32 437 71 26 32 494 71 24 32
./positive/img_197.png 14 333 266 38 43 328 315 45 34 404 304 30 37 269 323 32 34 196 238 43 34 7 230 33 30 2 266 30 38 166 112 35 34 225 91 27 33 272 89 30 33 367 95 32 29 204 25 26 24 150 23 28 27 66 85 34 33
./positive/img_198.png 8 138 166 33 31 72 162 32 33 185 313 42 37 345 298 33 33 375 334 42 35 540 191 30 35 213 116 32 30 244 142 23 24
./positive/img_199.png 6 157 195 42 39 78 196 36 32 48 279 40 38 377 297 29 43 432 322 39 40 456 157 31 36
./positive/img_2.png 6 251 230 33 34 301 151 29 33 245 134 32 35 332 102 25 27 472 135 29 33 545 323 41 45
./positive/img_20.png 11 472 134 33 37 487 213 35 43 258 162 38 35 210 173 37 42 213 257 43 36 157 268 40 37 391 327 38 36 438 17 28 30 331 0 29 24 321 24 23 25 240 42 30 25
./positive/img_200.png 4 360 142 32 41 385 296 32 43 454 321 37 41 150 227 41 40
./positive/img_201.png 6 347 285 36 43 222 178 32 37 97 288 40 40 472 313 40 37 501 153 31 37 555 300 39 45
./positive/img_202.png 6 297 275 44 48 81 308 50 46 161 202 42 43 515 317 47 44 456 146 36 42 437 229 43 44
./positive/img_203.png 7 440 236 44 44 392 321 43 50 527 317 49 46 457 157 36 43 285 309 46 43 86 287 51 51 140 207 41 46
./positive/img_204.png 5 132 263 45 51 139 209 42 45 330 303 57 50 477 164 42 45 522 313 50 53
./positive/img_205.png 5 290 267 43 53 158 240 45 49 187 185 34 43 560 193 34 46 501 326 42 51
./positive/img_206.png 3 283 238 39 44 188 224 36 37 245 170 28 41
./positive/img_207.png 3 279 223 29 42 160 230 43 39 244 169 29 40
./positive/img_208.png 3 311 160 27 34 312 195 31 36 172 199 38 36
./positive/img_209.png 4 113 221 42 45 72 164 36 37 312 140 29 38 457 153 27 39
./positive/img_21.png 12 207 260 45 39 153 272 38 40 217 190 27 34 250 164 35 33 222 62 29 31 489 122 28 36 489 213 31 41 427 17 24 34 485 49 27 31 317 1 25 24 320 23 22 24 337 323 50 43
./positive/img_210.png 9 237 303 56 50 170 308 47 59 127 161 38 30 32 221 37 42 55 131 29 33 266 119 34 34 269 155 26 35 480 187 38 35 463 130 25 33
./positive/img_211.png 14 227 244 37 39 276 252 40 36 209 146 33 30 145 152 36 32 61 119 37 31 12 172 33 29 115 74 28 33 38 85 37 33 332 62 36 34 346 45 27 23 470 82 27 29 523 170 32 39 468 46 34 31 291 8 30 28
./positive/img_212.png 10 294 229 37 32 266 190 31 35 82 149 34 29 105 118 32 30 215 105 27 32 259 123 29 32 229 42 25 27 158 58 31 29 149 19 28 31 529 190 32 30
./positive/img_213.png 9 228 257 32 38 352 171 29 31 394 134 26 32 409 90 29 27 391 54 28 27 294 51 26 25 289 19 32 26 430 13 26 24 555 251 30 32
./positive/img_214.png 9 208 232 31 40 369 144 27 39 452 169 29 30 452 107 31 30 356 62 32 28 329 46 32 26 469 47 28 29 434 71 37 31 422 6 23 28
./positive/img_215.png 10 377 150 39 44 200 220 35 45 337 82 27 30 409 64 30 37 498 122 23 29 507 192 42 37 468 91 37 34 470 60 33 34 507 55 22 30 542 43 27 26
./positive/img_216.png 8 380 154 34 39 298 96 37 29 198 216 36 48 519 117 38 36 468 90 38 35 421 67 30 31 458 62 32 31 537 180 44 48
./positive/img_217.png 7 379 152 34 41 268 114 39 34 566 90 24 38 467 86 38 39 459 61 34 33 417 65 35 35 560 184 33 41
./positive/img_218.png 9 392 146 34 44 271 113 35 33 424 72 29 33 472 90 35 37 454 66 29 28 537 44 23 25 413 51 30 28 445 21 24 25 200 220 42 44
./positive/img_219.png 8 265 226 37 44 328 119 26 32 484 134 32 32 522 98 32 34 477 100 27 30 462 77 34 30 425 66 33 26 551 43 29 29
./positive/img_22.png 13 252 164 34 33 245 212 32 37 239 285 31 33 264 323 42 39 155 277 35 33 490 210 34 47 523 105 24 35 560 79 31 34 484 52 28 32 427 20 28 31 350 10 26 29 316 2 28 29 203 99 30 27
./positive/img_220.png 4 387 132 28 30 454 95 25 31 526 82 30 34 545 119 22 32
./positive/img_221.png 4 421 143 27 30 468 115 23 31 558 95 33 32 567 50 27 31
./positive/img_222.png 3 407 268 39 47 440 146 31 38 494 138 27 34
./positive/img_223.png 2 471 160 31 36 450 288 34 49
./positive/img_224.png 1 453 165 34 36
./positive/img_225.png 4 407 170 26 30 528 101 38 33 508 44 21 30 546 38 18 27
./positive/img_226.png 7 499 128 28 39 294 181 31 37 329 81 32 32 395 73 32 34 276 37 27 28 245 46 29 30 520 68 29 33
./positive/img_227.png 12 445 266 42 38 217 232 33 35 190 100 39 33 123 129 42 32 53 85 37 37 12 110 41 35 370 121 35 37 456 111 34 32 499 176 33 36 546 75 29 34 412 52 26 25 335 54 21 26
./positive/img_228.png 11 335 114 32 29 303 158 35 31 183 277 41 40 473 174 31 32 498 72 28 28 455 41 23 24 360 58 31 31 318 24 28 26 227 53 30 30 129 71 24 25 22 167 43 34
./positive/img_229.png 12 292 176 32 37 243 129 34 29 185 322 41 38 454 164 32 33 327 40 23 26 423 66 24 29 200 69 29 29 182 40 29 28 5 125 31 29 67 119 26 30 42 101 29 32 50 81 33 29
./positive/img_23.png 13 292 209 39 40 253 168 31 28 243 298 35 39 188 313 46 39 150 338 50 39 154 272 36 40 206 119 27 31 317 2 23 28 372 5 24 28 425 20 27 33 485 52 29 29 522 100 33 33 489 212 33 44
./positive/img_230.png 10 332 179 38 35 181 320 46 39 455 158 33 40 326 38 24 28 244 129 32 29 164 66 28 28 86 121 33 35 41 98 29 32 20 141 30 32 214 44 23 30
./positive/img_231.png 11 240 128 36 31 184 319 38 40 353 194 31 35 452 163 37 36 327 38 24 26 253 51 26 26 135 126 33 34 52 98 37 36 37 147 33 36 11 87 30 35 121 62 31 32
./positive/img_232.png 13 443 249 33 34 379 210 27 30 246 128 32 32 183 137 31 33 185 316 39 46 79 154 36 33 18 153 31 39 81 107 36 33 20 84 36 38 287 52 29 28 327 41 24 26 353 27 24 21 453 160 35 39
./positive/img_233.png 12 454 160 40 42 216 150 30 29 115 141 35 37 180 313 45 49 268 54 28 25 324 37 26 29 244 125 34 36 121 104 29 32 47 127 29 33 436 250 37 37 353 28 26 24 36 61 32 25
./positive/img_234.png 9 130 128 32 33 145 314 41 43 67 108 29 37 135 92 27 32 235 50 31 26 233 164 27 30 239 144 28 28 448 166 37 35 326 37 28 30
./positive/img_235.png 10 235 163 26 31 198 167 37 29 150 114 28 29 88 302 48 50 87 98 32 35 154 80 32 34 324 40 27 27 354 23 26 30 410 30 23 30 450 164 39 40
./positive/img_236.png 10 172 166 40 38 43 319 56 48 249 168 34 39 168 101 26 32 105 90 34 36 176 72 35 40 211 25 27 30 326 38 30 30 352 22 28 31 455 162 35 37
./positive/img_237.png 9 270 180 37 43 173 171 38 33 137 86 34 35 21 67 34 29 451 163 37 39 444 249 34 33 390 64 27 25 338 49 21 25 193 94 39 31
./positive/img_238.png 11 288 192 33 40 319 219 42 39 174 166 38 40 205 101 25 28 220 92 30 28 153 78 38 40 60 69 33 30 210 27 29 30 365 72 24 26 454 159 36 42 443 247 36 35
./positive/img_239.png 14 279 233 44 38 173 167 40 37 178 70 32 38 218 112 32 30 245 80 32 35 337 81 33 28 295 172 28 40 307 153 24 38 450 164 41 36 442 248 34 37 371 68 25 26 313 41 31 29 213 27 23 27 108 74 26 27
./positive/img_24.png 12 209 144 30 33 324 205 41 41 474 224 29 40 510 106 29 35 472 57 26 31 412 28 28 28 305 6 22 28 233 178 37 26 129 285 35 42 155 328 46 36 72 326 41 45 100 349 43 28
./positive/img_240.png 13 272 237 33 39 173 171 39 31 236 123 26 28 180 76 28 33 127 83 22 25 274 80 24 26 318 87 28 28 296 52 28 27 387 76 24 27 453 164 35 35 310 159 29 35 445 245 32 39 214 29 20 25
./positive/img_241.png 13 181 78 26 30 138 92 26 30 177 166 36 33 253 132 27 30 308 158 22 34 344 164 32 32 315 245 38 34 457 163 32 37 403 84 21 24 301 91 28 27 280 73 27 29 271 54 27 26 236 32 24 27
./positive/img_242.png 13 350 247 36 36 308 158 24 36 268 145 30 30 173 171 39 32 152 100 26 30 173 75 27 34 302 91 27 28 283 76 24 30 253 65 27 26 264 33 25 29 403 84 22 27 455 164 36 34 382 169 30 36
./positive/img_243.png 13 306 244 42 39 173 172 37 30 167 102 30 32 132 77 33 31 218 74 32 25 271 37 24 26 401 81 24 31 453 161 34 37 305 158 30 37 274 147 25 29 299 91 28 29 282 74 21 28 443 251 34 29
./positive/img_244.png 14 238 230 45 48 174 167 39 39 192 94 29 33 198 76 29 28 92 74 37 31 271 80 22 29 272 145 28 29 298 91 30 28 272 36 25 31 403 81 22 27 306 154 27 40 455 164 34 34 429 194 31 30 443 245 30 36
./positive/img_245.png 15 165 221 42 42 175 169 34 34 219 86 28 32 176 82 30 32 154 37 24 25 57 65 35 33 247 82 32 33 299 86 34 36 271 37 24 29 402 83 23 26 454 161 29 35 453 193 35 38 445 246 30 36 276 145 25 30 306 160 27 35
./positive/img_246.png 12 305 163 27 33 276 149 26 30 173 170 38 33 104 219 46 39 175 82 30 28 140 56 24 26 269 36 27 29 50 62 27 34 295 90 33 32 402 83 23 27 453 161 35 37 485 175 29 41
./positive/img_247.png 11 303 160 29 36 276 148 26 31 176 171 35 33 116 214 35 38 173 80 34 32 302 95 30 20 270 38 30 30 400 83 25 29 452 160 34 36 480 183 34 35 403 61 24 20
./positive/img_248.png 13 176 225 42 43 174 169 33 32 273 145 30 35 307 156 28 38 305 95 24 20 256 106 23 27 174 78 31 32 271 100 19 27 402 85 24 23 419 60 24 30 269 42 25 26 466 198 35 28 454 162 32 34
./positive/img_249.png 14 243 232 41 42 177 169 33 36 220 107 35 37 173 73 37 33 284 118 27 27 278 148 25 32 306 155 24 39 454 161 35 39 441 247 33 37 401 81 23 29 299 89 26 30 425 197 38 38 268 36 30 32 432 69 23 28
./positive/img_25.png 10 184 226 44 36 182 144 31 42 279 32 25 29 342 227 39 46 445 275 40 53 543 142 37 42 453 87 33 36 391 53 29 34 416 39 23 29 456 30 26 29
./positive/img_250.png 12 306 239 45 42 173 168 38 35 187 118 34 32 195 62 22 28 271 38 27 28 300 90 29 27 317 120 31 28 276 147 26 28 305 159 26 36 454 162 33 35 403 82 20 25 441 246 31 34
./positive/img_251.png 13 306 155 24 35 275 145 26 32 172 167 38 35 163 126 32 28 300 92 28 28 270 37 24 29 204 42 25 32 358 116 26 31 404 87 19 22 454 161 35 38 442 246 33 36 353 239 37 42 367 182 33 38
./positive/img_252.png 13 307 160 24 33 276 148 25 30 175 168 34 34 127 128 35 34 298 89 32 30 272 42 22 26 396 82 23 28 452 162 39 37 352 244 37 37 380 160 22 36 361 103 25 32 212 28 26 28 427 72 23 27
./positive/img_253.png 13 353 152 41 37 304 156 28 37 271 142 31 34 172 167 38 37 84 134 41 35 297 87 33 33 276 39 29 29 223 8 23 28 360 86 28 32 380 65 30 35 406 79 26 27 446 162 40 37 357 244 35 39
./positive/img_254.png 12 353 237 39 44 303 160 29 31 277 148 24 29 174 172 37 30 54 133 35 32 299 89 28 28 347 79 24 32 308 39 30 28 369 63 29 27 387 86 26 28 453 162 37 36 339 146 29 31
./positive/img_255.png 13 305 161 28 29 277 148 24 27 177 166 33 36 4 122 33 34 353 241 44 39 456 163 33 35 440 246 38 37 321 133 25 29 297 87 32 33 325 68 28 32 320 36 25 27 391 55 28 32 365 87 27 35
./positive/img_256.png 13 304 161 32 33 274 145 31 34 171 170 42 32 9 198 42 45 300 88 30 31 303 119 30 36 362 89 30 35 304 59 28 26 306 29 26 27 408 51 28 29 451 157 36 42 446 248 31 32 350 243 39 40
./positive/img_257.png 11 349 241 41 44 305 151 27 39 275 146 27 30 176 166 35 34 50 184 37 43 275 104 36 39 270 60 33 30 362 94 30 29 431 37 26 28 453 160 38 38 443 247 34 37
./positive/img_258.png 11 351 251 42 42 303 163 29 41 271 155 29 34 238 116 34 34 171 171 33 41 57 191 37 43 297 96 29 27 228 64 31 30 276 15 23 28 361 97 29 31 453 168 34 37
./positive/img_259.png 10 452 191 39 41 363 107 34 36 293 111 29 32 264 179 27 32 294 183 32 46 362 301 38 41 160 206 39 27 37 223 44 38 170 133 37 32 180 70 27 31
./positive/img_26.png 8 364 213 27 40 213 234 39 37 169 133 28 36 273 34 29 32 392 59 29 36 449 97 31 33 434 56 26 28 439 298 39 42
./positive/img_260.png 10 472 205 42 44 308 201 34 39 276 187 29 36 299 118 35 36 166 220 40 32 39 238 44 45 137 132 40 38 172 67 28 27 394 111 32 34 423 242 34 31
./positive/img_261.png 10 329 215 32 45 296 201 31 39 179 236 43 37 57 256 46 45 140 132 35 42 173 82 33 30 319 127 34 39 442 109 25 36 500 220 38 45 424 237 33 33
./positive/img_262.png 11 334 139 31 38 190 252 46 35 19 286 45 52 70 293 45 47 144 141 31 33 173 115 33 32 311 219 37 34 321 252 43 32 442 250 39 39 528 237 41 48 483 114 23 32
./positive/img_263.png 8 329 157 35 35 184 278 42 40 42 309 43 46 133 159 30 35 182 144 26 33 309 243 39 40 292 288 41 40 536 272 43 40
./positive/img_264.png 10 334 158 35 39 184 176 34 36 117 181 34 36 163 312 47 49 327 296 37 38 543 304 43 43 532 112 29 34 390 62 30 31 270 32 25 31 200 33 28 31
./positive/img_265.png 6 336 162 32 40 345 96 26 29 263 55 22 27 177 92 31 30 175 230 40 45 95 212 36 37
./positive/img_266.png 7 356 177 36 40 303 131 38 33 248 68 30 34 180 126 29 37 79 245 36 38 125 310 44 43 437 238 40 41
./positive/img_267.png 7 283 190 38 39 179 178 38 34 61 311 40 37 236 87 30 35 366 187 33 40 439 242 36 35 495 99 25 33
./positive/img_268.png 6 365 181 33 41 272 219 35 38 222 112 31 33 184 232 34 35 440 275 35 42 494 121 29 34
./positive/img_269.png 5 492 150 33 35 369 176 28 37 268 237 33 34 207 139 35 40 185 292 37 38
./positive/img_27.png 7 263 236 38 36 372 174 23 42 435 298 42 47 451 97 26 33 385 64 32 30 273 37 26 29 161 120 26 33
./positive/img_270.png 4 244 235 31 36 190 171 26 25 362 175 34 43 477 168 30 38
./positive/img_271.png 4 378 176 32 47 186 221 37 42 148 179 42 42 461 187 32 39
./positive/img_272.png 4 91 207 46 42 141 179 40 47 450 237 28 38 492 214 34 40
./positive/img_273.png 4 377 137 30 38 37 232 48 40 145 184 37 39 491 215 31 38
./positive/img_274.png 2 378 134 26 38 491 215 34 35
./positive/img_275.png 5 199 174 38 46 432 132 24 36 3 216 36 39 4 274 48 42 552 216 35 31
./positive/img_276.png 4 288 182 33 42 80 222 44 35 47 309 55 35 511 144 23 32
./positive/img_277.png 2 121 286 45 46 504 148 25 31
./positive/img_278.png 2 158 322 41 45 476 129 22 33
./positive/img_279.png 3 233 321 42 50 339 235 34 38 481 133 23 33
./positive/img_28.png 8 442 296 38 44 332 242 42 36 375 136 31 38 200 132 45 37 271 35 29 36 387 62 29 30 484 76 27 29 450 99 27 30
./positive/img_280.png 3 332 236 40 39 279 330 44 40 544 268 35 36
./positive/img_281.png 2 338 239 37 35 552 292 37 42
./positive/img_282.png 1 336 232 34 40
./positive/img_283.png 0
./positive/img_284.png 2 258 327 38 40 5 239 54 38
./positive/img_285.png 7 253 260 36 35 198 130 31 28 180 103 30 25 153 69 23 26 179 70 25 31 141 35 25 27 436 221 30 41
./positive/img_286.png 11 273 235 41 39 87 301 46 39 26 327 46 36 59 173 36 36 7 134 36 37 21 97 35 37 66 80 36 34 283 103 34 33 257 77 35 30 291 57 22 27 271 44 23 25
./positive/img_287.png 12 295 223 39 37 112 261 46 36 163 153 36 36 122 106 33 32 40 104 31 33 360 104 31 28 333 56 25 27 187 40 27 31 143 61 34 33 51 271 45 41 359 34 23 26 375 51 20 30
./positive/img_288.png 12 268 214 37 37 212 169 37 35 163 120 37 36 109 257 46 41 52 268 41 44 46 99 37 38 181 56 33 36 218 21 22 29 327 40 22 32 368 114 24 37 375 49 25 26 357 30 26 30
./positive/img_289.png 13 316 167 32 36 346 139 34 40 332 107 34 38 188 190 39 37 141 186 35 39 230 48 32 35 386 39 31 37 485 138 31 36 548 57 19 32 416 2 27 30 201 16 31 35 157 18 33 34 10 324 53 40
./positive/img_29.png 9 266 131 36 43 359 222 35 41 439 288 44 53 378 103 31 39 271 35 30 34 385 54 34 42 454 36 29 32 476 72 28 30 448 98 31 32
./positive/img_290.png 12 283 152 30 35 248 143 29 34 153 113 34 32 88 328 51 44 422 142 29 34 476 152 32 35 474 120 30 32 392 38 26 28 385 4 22 28 349 2 22 24 64 227 48 37 567 59 25 32
./positive/img_291.png 10 325 141 31 38 296 131 26 31 258 93 35 36 147 292 46 39 103 196 45 37 149 5 35 27 464 40 26 28 483 137 31 34 547 140 30 37 513 165 31 33
./positive/img_292.png 6 196 220 38 34 208 71 31 30 271 100 32 26 465 119 26 33 454 94 25 29 488 60 29 34
./positive/img_293.png 2 387 75 25 31 361 35 29 33
./positive/img_294.png 3 303 123 34 30 514 96 22 29 516 54 25 27
./positive/img_295.png 2 346 116 31 29 558 112 26 32
./positive/img_296.png 2 346 116 30 28 558 112 26 33
./positive/img_297.png 2 334 122 43 40 569 127 26 40
./positive/img_298.png 1 337 265 39 43
./positive/img_299.png 1 387 126 36 39
./positive/img_3.png 6 316 193 30 35 322 123 25 33 265 107 32 37 507 133 26 26 468 311 35 42 266 265 43 32
./positive/img_30.png 10 307 206 34 42 227 171 39 38 80 87 28 35 227 112 36 36 231 79 29 34 299 62 36 37 321 102 30 30 460 276 33 42 566 27 27 31 531 36 32 33
./positive/img_300.png 3 200 261 38 46 501 138 28 38 553 151 28 38
./positive/img_301.png 2 118 268 45 40 279 165 50 45
./positive/img_302.png 4 113 330 45 44 137 242 42 42 322 150 41 50 326 326 47 44
./positive/img_303.png 8 326 266 38 43 166 219 44 42 117 311 42 49 245 166 34 34 88 100 38 31 53 110 34 37 21 90 30 39 410 150 41 38
./positive/img_304.png 10 410 145 34 41 246 169 32 32 170 224 36 37 122 304 44 52 355 231 33 42 165 100 35 33 64 107 31 34 17 93 35 35 103 67 28 34 83 96 36 33
./positive/img_305.png 11 170 225 34 33 124 307 35 50 249 167 31 33 173 103 25 30 123 63 25 33 88 96 30 33 22 95 29 32 14 70 31 28 74 87 28 29 412 151 34 38 377 207 28 37
./positive/img_306.png 9 168 219 37 40 244 169 34 30 170 123 27 29 3 281 36 44 119 310 44 47 97 95 34 32 60 84 27 31 17 96 35 34 405 146 42 45
./positive/img_307.png 10 246 166 34 36 170 220 35 38 33 256 39 43 122 308 42 51 165 136 31 38 94 90 36 37 56 78 32 37 12 96 35 34 409 153 42 34 428 225 32 30
./positive/img_308.png 9 431 218 28 36 410 151 34 34 247 169 30 28 172 223 33 35 121 308 40 46 39 227 37 43 135 155 36 37 96 90 32 38 56 82 32 31
./positive/img_309.png 10 245 164 31 35 170 245 34 34 125 312 35 42 109 169 36 33 35 208 35 34 95 94 34 32 42 93 32 28 205 68 25 26 413 150 30 35 428 217 35 40
./positive/img_31.png 15 459 250 41 52 204 250 52 39 185 198 41 49 186 139 41 40 119 132 35 37 52 150 39 43 33 188 48 38 68 109 44 40 94 66 33 31 363 46 29 31 539 256 39 38 556 296 37 40 563 200 29 43 391 63 33 35 392 31 23 28
./positive/img_310.png 10 281 150 37 40 76 188 38 35 41 235 43 39 170 287 39 36 121 309 38 45 2 186 33 38 18 100 31 39 92 91 36 39 201 65 29 32 410 150 35 36
./positive/img_311.png 10 101 229 43 41 44 211 36 33 168 285 40 40 120 309 42 45 322 136 34 33 411 146 33 39 94 95 34 33 13 127 34 31 19 66 31 32 204 68 27 30
./positive/img_312.png 10 165 220 42 42 123 308 38 46 170 288 36 35 59 199 31 36 25 152 37 34 93 96 33 35 15 62 28 26 202 69 28 28 329 179 33 35 408 150 36 39
./positive/img_313.png 10 318 199 38 41 168 221 40 44 171 287 35 35 121 312 40 40 88 183 30 37 48 160 33 36 5 139 34 37 95 90 32 39 411 151 37 35 204 66 29 31
./positive/img_314.png 10 292 231 32 33 169 284 36 38 119 309 40 42 165 218 45 47 115 162 34 37 47 161 37 36 13 111 34 36 94 90 32 38 202 66 28 31 407 146 35 41
./positive/img_315.png 11 302 268 33 35 164 289 36 36 112 307 44 51 160 223 41 44 126 154 32 36 88 95 36 41 41 165 35 38 13 95 34 37 200 75 29 33 412 147 36 39 379 195 32 41
./positive/img_316.png 10 158 228 48 38 163 285 34 37 110 310 43 49 304 305 44 42 411 144 38 43 202 77 28 30 125 132 31 32 88 96 35 37 22 78 32 35 39 165 35 37
./positive/img_317.png 10 36 166 40 35 134 232 34 41 164 290 35 36 110 310 45 47 341 205 41 44 396 171 32 36 202 74 23 29 128 116 29 35 87 93 35 43 9 67 32 33
./positive/img_318.png 11 57 240 49 35 163 287 36 38 111 312 39 45 270 233 44 38 336 335 41 41 283 339 39 37 366 214 35 38 203 78 25 25 128 116 30 39 90 97 30 33 41 169 35 32
./positive/img_319.png 11 207 243 45 38 110 306 39 51 31 256 47 38 40 164 39 39 126 113 31 40 81 102 36 34 13 95 36 38 248 318 40 50 365 304 40 51 345 252 34 36 202 75 27 31
./positive/img_32.png 13 159 210 39 50 97 160 43 49 4 226 34 41 140 319 55 44 445 239 36 49 503 173 41 46 435 140 45 41 433 72 32 34 212 84 36 34 141 89 42 37 172 70 31 29 509 235 31 38 517 272 36 41
./positive/img_320.png 11 162 285 34 39 105 314 46 46 209 304 43 45 176 229 43 47 306 277 48 46 389 325 44 43 127 119 31 35 37 163 41 39 13 96 37 38 53 109 44 36 200 74 29 37
./positive/img_321.png 11 201 207 42 40 213 265 41 41 171 320 37 45 90 149 29 34 95 107 31 31 58 83 31 33 144 92 34 35 239 59 24 30 497 314 51 42 342 286 39 41 260 280 42 47
./positive/img_322.png 11 111 271 47 39 60 297 50 51 21 264 44 45 34 153 37 36 130 70 30 38 190 72 31 30 190 106 27 37 167 140 34 34 299 49 21 27 271 213 36 35 410 299 36 37
./positive/img_323.png 12 274 229 40 43 155 268 37 35 104 299 42 40 63 261 39 43 66 151 37 36 158 67 29 32 191 55 34 35 234 111 28 32 199 135 30 31 409 317 44 45 320 41 24 29 58 60 28 30
./positive/img_324.png 8 92 194 41 38 124 234 44 37 1 158 35 37 261 311 44 42 464 323 39 43 542 215 39 34 2 335 34 33 332 275 41 36
./positive/img_325.png 6 497 212 44 49 168 211 38 42 106 181 38 40 37 146 39 36 2 184 36 35 421 247 29 41
./positive/img_326.png 13 193 257 47 41 136 231 43 41 116 196 39 37 96 159 44 38 193 217 42 33 190 60 30 34 265 82 30 32 333 89 28 31 349 50 25 32 393 133 32 32 529 245 36 36 491 274 46 40 454 37 19 28
./positive/img_327.png 15 214 189 40 38 174 246 44 37 165 204 34 39 149 163 37 37 111 137 41 36 42 311 48 41 58 90 35 34 262 56 28 33 329 81 31 34 381 84 28 32 402 49 28 30 466 143 38 38 537 294 49 43 560 234 33 51 50 59 30 27
./positive/img_328.png 14 227 121 34 38 267 156 41 38 220 160 35 37 209 196 42 39 47 206 43 41 115 328 54 39 557 175 32 35 430 100 28 30 381 63 24 24 190 40 27 29 175 95 36 31 207 21 22 24 517 59 28 31 479 92 28 30
./positive/img_329.png 14 210 195 41 40 224 154 32 38 227 121 35 34 270 156 40 37 382 71 22 29 435 121 28 27 479 91 24 30 521 63 21 27 175 94 32 32 21 180 38 39 74 326 54 40 524 334 36 39 557 174 32 37 192 43 25 25
./positive/img_33.png 15 106 105 33 39 39 171 37 43 24 123 41 38 48 89 30 36 31 69 28 36 290 54 24 27 105 234 46 47 318 130 42 47 333 72 29 36 442 83 25 30 468 150 30 41 424 234 44 48 483 275 38 38 514 232 38 40 518 170 30 33
./positive/img_330.png 12 213 193 38 41 223 158 30 33 227 120 32 37 174 92 36 33 380 94 28 32 271 157 38 37 438 142 28 32 478 89 27 35 517 63 28 30 556 174 34 39 484 312 40 45 52 325 53 44
./positive/img_331.png 14 47 326 53 42 207 199 41 35 224 158 28 35 227 122 33 37 173 90 39 38 268 157 41 37 383 115 30 33 440 155 26 34 476 86 28 35 510 55 37 39 556 170 37 45 471 305 45 44 198 22 26 30 191 43 27 28
./positive/img_332.png 12 49 329 52 39 212 196 42 37 180 99 27 33 227 121 37 41 226 156 30 36 282 161 37 41 385 137 29 34 444 182 29 30 478 88 25 36 515 64 30 30 555 171 34 40 502 326 42 44
./positive/img_333.png 13 209 199 41 36 174 124 29 31 18 99 40 34 50 324 46 44 323 188 31 34 232 157 33 35 226 119 33 36 383 160 31 34 430 190 36 36 473 88 32 37 517 59 25 32 555 176 35 35 546 343 37 32
./positive/img_334.png 13 323 186 40 48 231 162 36 39 203 124 36 36 147 146 33 32 187 202 37 33 19 119 40 34 19 329 47 41 359 158 31 35 378 194 36 29 453 95 27 27 497 61 24 31 527 177 38 36 168 49 30 22
./positive/img_335.png 11 327 205 37 39 222 182 35 34 167 137 38 36 327 221 29 31 146 216 45 33 107 180 35 34 12 146 37 35 427 102 28 36 329 172 32 34 470 74 28 33 492 189 43 38
./positive/img_336.png 12 181 225 32 32 135 157 36 37 290 189 37 38 402 124 25 29 447 90 24 29 469 211 36 36 300 276 29 27 295 244 30 32 109 238 42 37 60 225 35 36 4 161 39 37 230 33 25 30
./positive/img_337.png 15 245 291 39 40 281 294 29 33 280 194 33 32 157 259 34 38 81 256 46 37 26 265 40 41 2 178 35 38 115 171 39 41 237 58 32 27 390 134 28 33 435 100 28 33 462 231 31 36 563 184 27 36 87 83 28 25 103 65 26 26
./positive/img_338.png 14 267 184 34 46 137 286 34 36 92 197 39 40 65 304 37 37 185 321 41 40 224 325 49 38 450 253 42 46 559 205 31 41 429 125 27 28 381 156 30 34 257 84 34 36 448 21 28 31 69 99 30 29 84 82 30 29
./positive/img_339.png 12 56 218 41 42 107 316 38 38 156 320 40 43 234 213 39 41 358 178 28 35 407 142 29 33 261 118 39 34 53 96 30 33 34 118 33 32 434 34 29 34 427 289 39 37 541 232 32 43
./positive/img_34.png 7 92 213 41 37 460 262 35 44 348 175 39 40 305 135 35 39 315 51 35 34 111 115 38 34 50 131 36 40
./positive/img_340.png 10 182 237 44 45 110 328 41 41 2 123 30 33 254 166 42 41 373 165 33 38 320 205 38 40 404 60 36 32 511 261 33 44 384 321 37 39 2 253 29 36
./positive/img_341.png 8 146 255 37 50 113 314 44 52 347 181 30 36 322 242 36 37 220 200 41 43 371 75 27 32 487 277 39 50 368 250 34 35
./positive/img_342.png 7 302 259 41 45 324 188 39 45 91 314 52 56 102 261 46 52 168 226 53 41 475 291 46 55 318 93 40 29
./positive/img_343.png 7 266 243 40 44 319 194 41 42 93 280 42 38 73 323 50 46 127 193 39 45 283 99 37 38 483 291 37 54
./positive/img_344.png 7 326 192 40 44 238 108 37 38 60 162 43 45 79 272 44 52 57 318 51 53 477 281 37 57 271 215 40 48
./positive/img_345.png 8 311 224 49 55 373 173 36 47 177 131 36 38 72 264 41 59 48 315 52 59 467 263 42 50 9 151 39 45 3 136 20 33
./positive/img_346.png 5 134 138 34 35 15 125 31 36 31 311 62 63 307 225 54 54 459 242 38 47
./positive/img_347.png 5 52 270 50 48 54 302 49 57 24 128 33 38 137 160 40 36 471 239 36 56
./positive/img_348.png 5 181 262 41 56 95 269 59 59 89 126 32 44 211 174 44 48 487 231 51 50
./positive/img_349.png 5 16 180 45 44 39 134 37 38 145 128 32 40 210 279 52 62 282 248 39 48
./positive/img_35.png 8 311 217 36 39 350 246 39 39 456 262 36 39 459 212 40 43 530 197 37 51 247 133 41 42 197 74 35 39 36 280 50 49
./positive/img_350.png 3 77 207 36 37 197 152 29 39 87 151 38 37
./positive/img_351.png 3 93 207 36 44 99 154 34 42 209 157 31 38
./positive/img_352.png 5 214 159 26 35 307 265 49 60 91 208 44 46 12 161 38 44 95 151 45 44
./positive/img_353.png 5 105 154 37 44 43 151 40 44 96 211 37 41 215 159 29 36 319 278 62 46
./positive/img_354.png 5 307 266 57 58 94 209 36 41 98 154 40 42 43 157 39 40 214 156 31 36
./positive/img_355.png 5 213 155 31 39 74 202 51 44 43 156 42 38 101 156 36 42 394 279 51 50
./positive/img_356.png 5 393 307 50 54 213 158 33 39 43 155 39 36 102 157 37 39 49 186 51 52
./positive/img_357.png 7 306 274 57 46 379 321 48 54 33 276 53 60 40 190 40 47 20 165 31 33 216 157 30 39 101 158 38 38
./positive/img_358.png 8 80 272 56 55 75 186 45 47 100 154 37 42 210 157 36 40 319 270 57 46 391 287 44 52 316 323 60 51 116 314 53 59
./positive/img_359.png 8 534 299 57 61 308 270 55 53 134 271 52 54 249 318 65 53 117 319 53 54 133 186 41 39 102 157 33 37 216 162 27 34
./positive/img_36.png 7 339 246 42 49 310 225 36 48 263 139 37 44 170 98 33 35 16 308 57 56 457 262 45 45 516 198 37 47
./positive/img_360.png 8 188 171 35 40 103 157 34 37 101 256 48 51 200 320 62 58 116 314 51 60 471 269 54 57 401 329 42 45 213 155 33 38
./positive/img_361.png 7 196 317 62 57 117 309 51 59 65 230 47 48 99 157 41 36 224 172 35 36 529 329 43 46 397 325 53 51
./positive/img_362.png 8 216 154 40 42 256 168 39 42 100 160 35 34 68 231 44 49 193 320 68 57 114 314 52 57 406 317 65 60 478 299 52 69
./positive/img_363.png 9 258 163 39 33 199 315 59 59 115 323 56 53 61 222 49 58 100 158 41 41 321 204 38 47 469 273 51 60 471 324 67 53 309 268 54 50
./positive/img_364.png 10 295 156 33 36 328 157 34 35 306 211 49 47 59 227 59 53 98 153 45 47 193 321 71 53 118 318 53 57 324 273 59 49 466 254 44 55 518 290 50 58
./positive/img_365.png 9 308 268 54 53 196 321 75 52 116 314 57 61 66 231 51 46 98 155 42 47 326 158 31 35 358 153 36 40 461 229 41 53 562 263 33 57
./positive/img_366.png 6 461 204 40 52 363 150 28 30 100 158 45 40 74 231 46 50 199 326 66 48 111 324 72 53
./positive/img_367.png 6 256 318 66 59 117 236 49 47 130 156 41 40 402 146 30 40 463 161 36 38 493 192 33 35
./positive/img_368.png 8 303 273 52 52 223 324 66 50 139 231 46 48 149 155 41 41 389 309 44 50 422 151 25 30 491 173 23 31 506 176 30 43
./positive/img_369.png 7 309 273 55 53 144 327 74 48 144 225 51 56 362 317 62 57 424 146 30 38 506 176 37 47 149 166 32 36
./positive/img_37.png 7 283 211 56 53 261 240 45 48 322 259 39 47 432 252 45 45 543 162 37 37 173 146 44 43 4 123 41 43
./positive/img_370.png 6 102 237 63 49 77 321 66 55 423 146 30 37 491 170 35 41 512 178 26 42 293 323 64 55
./positive/img_371.png 7 39 280 58 51 61 246 55 43 3 327 62 48 179 172 39 39 421 151 31 30 502 168 43 32 512 171 27 46
./positive/img_372.png 6 499 157 34 51 422 138 27 33 537 154 43 43 114 253 58 53 61 252 46 47 205 154 38 39
./positive/img_373.png 6 387 320 56 45 57 257 53 49 144 229 57 62 210 147 39 41 418 127 31 36 488 140 35 44
./positive/img_374.png 5 383 319 63 56 147 227 55 52 33 300 59 46 419 127 28 36 481 137 35 40
./positive/img_375.png 6 395 311 60 58 29 323 58 46 151 226 63 59 212 147 39 42 417 130 29 33 481 133 30 40
./positive/img_376.png 6 198 233 44 52 3 274 54 59 445 311 60 65 498 130 29 37 422 128 34 42 239 148 42 39
./positive/img_377.png 5 174 264 51 51 181 152 46 45 5 307 63 60 333 145 28 27 436 122 27 36
./positive/img_378.png 6 187 136 38 37 86 187 29 31 321 126 34 33 391 130 30 36 505 152 25 35 532 164 27 38
./positive/img_379.png 8 537 276 51 55 51 215 39 37 187 135 33 35 234 133 40 35 382 136 28 33 494 163 35 44 510 161 29 31 458 291 54 66
./positive/img_38.png 6 263 245 44 44 256 204 41 48 320 261 41 47 438 254 37 42 546 160 34 42 208 137 38 39
./positive/img_380.png 8 105 217 40 39 17 212 41 46 235 86 28 32 471 258 42 36 468 131 26 27 393 97 27 28 233 60 24 31 510 93 23 33
./positive/img_381.png 8 368 142 30 32 306 119 31 36 107 146 30 33 76 326 45 40 97 91 25 36 523 161 25 33 518 244 41 47 453 280 39 41
./positive/img_382.png 8 303 124 32 35 387 146 26 30 497 114 29 34 504 237 38 40 149 112 34 34 99 67 27 30 365 49 31 35 365 49 31 35
./positive/img_383.png 8 308 140 27 31 188 98 31 29 408 151 34 35 424 202 36 34 492 232 34 37 494 78 23 33 219 344 38 31 64 340 30 34
./positive/img_384.png 9 181 287 37 35 39 243 36 40 302 77 35 36 227 20 25 29 432 75 30 30 510 185 31 35 512 225 41 36 520 267 35 37 382 167 30 34
./positive/img_385.png 8 162 283 40 40 27 324 41 41 12 247 33 38 221 41 27 31 325 98 36 36 397 91 31 33 544 193 34 39 525 267 40 43
./positive/img_386.png 6 116 276 43 46 11 285 44 55 323 128 33 32 387 128 30 34 453 296 47 45 539 274 50 49
./positive/img_387.png 10 292 206 57 53 112 310 62 51 42 306 45 57 243 146 39 38 309 147 39 35 348 191 42 46 537 191 42 49 529 257 53 45 534 139 33 37 113 108 23 31
./positive/img_388.png 10 251 201 50 48 109 314 66 46 28 333 51 39 111 104 25 35 233 166 38 41 298 161 38 44 354 176 37 43 493 122 33 38 535 194 44 46 521 255 55 49
./positive/img_389.png 9 208 205 51 45 112 288 43 59 534 195 44 46 527 253 47 54 465 119 37 39 362 164 35 41 292 183 37 39 209 174 41 36 110 104 28 36
./positive/img_39.png 6 225 266 54 57 103 249 60 48 59 151 38 48 307 262 46 56 316 243 42 46 393 146 36 42
./positive/img_1.png 3 369 207 33 41 315 270 37 43 562 57 29 33
./positive/img_10.png 6 275 96 31 36 482 174 40 38 487 215 41 35 450 289 43 36 520 148 34 34 566 157 28 37
./positive/img_100.png 6 347 145 38 37 262 282 50 46 116 289 46 43 48 292 44 51 484 315 38 47 361 176 34 38
./positive/img_101.png 7 266 263 47 36 151 209 38 45 93 236 50 38 72 323 60 44 456 296 37 51 408 148 30 38 378 148 34 34
./positive/img_102.png 10 293 225 40 38 213 184 36 35 260 139 34 36 421 154 40 38 488 149 31 41 452 280 36 45 155 332 49 42 43 333 46 40 70 210 42 41 12 236 43 42
./positive/img_103.png 11 263 189 35 36 304 218 38 36 384 168 43 36 285 125 34 37 85 176 43 42 14 194 46 44 186 286 41 40 79 330 49 38 296 339 44 38 448 286 41 46 511 154 31 44
./positive/img_104.png 10 334 164 46 38 306 218 34 36 264 189 34 38 226 121 40 35 213 266 39 47 284 335 55 39 450 289 40 46 513 162 32 36 83 173 44 46 5 182 39 39
./positive/img_105.png 10 233 192 44 35 297 164 47 36 303 217 40 38 209 267 40 45 243 311 46 39 450 285 37 49 515 157 26 42 124 118 47 38 85 177 43 42 30 136 39 37
./positive/img_106.png 10 179 187 50 36 301 171 35 37 213 288 47 37 91 180 42 43 516 161 33 40 452 293 42 44 318 328 46 44 213 342 53 35 74 126 36 35 75 123 35 34
./positive/img_107.png 8 304 212 41 44 184 233 44 37 121 210 44 38 104 144 31 34 82 136 31 32 409 335 39 43 503 327 45 42 568 185 25 40
./positive/img_108.png 5 106 163 42 40 80 163 41 39 156 241 41 39 190 282 54 34 402 283 46 42
./positive/img_109.png 6 436 271 42 47 493 281 47 53 232 319 53 48 235 257 43 48 142 175 41 42 78 194 49 41
./positive/img_390.png 8 212 195 37 42 159 168 49 42 79 268 50 55 109 104 32 39 372 151 31 37 278 200 40 37 431 121 35 39 533 200 40 39
./positive/img_391.png 9 104 249 45 50 117 175 48 42 226 177 36 43 257 219 43 38 111 106 26 32 368 148 36 39 431 122 35 35 531 201 45 38 455 283 52 50
./positive/img_392.png 8 184 236 47 44 129 218 37 49 45 211 54 40 109 104 28 38 240 157 34 40 371 145 33 42 429 127 40 33 535 198 44 40
./positive/img_393.png 7 110 107 29 33 149 194 36 43 248 147 35 40 164 264 44 42 372 149 33 37 458 138 29 32 534 184 37 37
./positive/img_394.png 8 551 164 32 39 497 154 31 31 531 231 42 37 373 149 31 38 248 148 32 40 167 171 31 40 111 288 54 46 122 113 34 28
./positive/img_395.png 8 372 150 29 37 255 148 38 41 182 147 31 41 152 107 32 31 29 322 56 42 533 171 31 35 489 220 41 43 461 281 46 50
./positive/img_396.png 9 290 165 37 35 199 141 27 35 181 110 33 30 69 282 45 44 73 311 48 47 511 181 33 38 449 214 46 48 446 279 49 47 373 153 30 36
./positive/img_397.png 8 305 163 40 39 209 129 33 35 80 267 50 53 138 311 65 53 468 189 38 41 537 274 41 56 371 147 32 40 212 99 31 33
./positive/img_398.png 9 301 160 42 43 220 114 34 38 249 97 38 37 372 151 32 36 434 188 38 39 536 259 41 44 203 321 59 53 80 267 55 52 359 197 45 43
./positive/img_399.png 7 303 162 39 41 321 191 44 40 372 147 31 40 79 263 56 56 506 250 48 52 234 110 39 39 257 100 34 31
./positive/img_4.png 6 335 154 35 35 333 234 40 41 306 274 42 42 456 267 34 41 539 105 32 40 276 94 30 39
./positive/img_40.png 8 235 264 61 65 40 264 58 55 56 150 42 48 392 149 37 38 536 199 41 44 288 229 46 48 314 255 40 46 184 116 39 33
./positive/img_400.png 8 274 180 46 42 82 265 46 58 268 119 39 35 300 162 43 39 359 171 34 42 373 146 30 40 456 284 49 50 458 244 44 35
./positive/img_401.png 8 226 172 46 48 86 266 43 51 438 287 52 43 304 162 42 42 353 171 40 40 372 147 31 36 277 122 36 32 257 99 31 28
./positive/img_402.png 9 238 185 37 42 83 278 43 40 257 97 32 32 279 117 33 36 296 166 47 38 354 170 40 41 373 146 29 38 456 287 52 43 362 229 40 41
./positive/img_403.png 7 301 162 44 41 267 212 46 40 328 218 50 47 94 265 52 46 374 152 29 31 355 172 39 40 278 119 32 35
./positive/img_404.png 9 255 236 43 43 173 235 51 49 306 163 37 41 329 220 42 42 353 176 47 34 371 144 31 39 258 97 29 32 277 123 36 31 535 85 33 36
./positive/img_405.png 11 332 220 41 42 236 213 42 48 270 268 38 41 306 159 34 43 354 181 43 28 369 148 34 35 275 126 37 28 237 97 34 33 535 87 28 35 456 325 53 47 454 280 49 45
./positive/img_406.png 12 250 210 48 45 324 216 48 48 436 287 54 42 399 318 55 45 296 307 48 46 306 166 38 37 372 151 33 36 557 121 32 38 537 90 27 31 279 119 37 33 211 98 35 32 2 182 33 40
./positive/img_407.png 11 207 223 50 46 306 164 38 40 277 117 39 38 228 90 23 31 20 160 37 38 368 152 36 34 520 119 36 33 534 86 29 34 460 284 47 46 363 294 42 48 327 223 50 38
./positive/img_408.png 10 319 217 51 39 302 244 42 45 164 234 49 46 36 145 33 35 274 115 33 37 228 84 24 30 296 158 42 40 368 141 27 41 476 115 37 38 531 84 30 33
./positive/img_409.png 11 218 232 51 47 126 230 49 40 30 124 30 34 288 210 44 42 270 154 37 38 249 113 32 31 205 78 25 34 338 139 32 40 451 111 35 37 505 77 31 36 464 243 43 43
./positive/img_41.png 9 246 217 42 42 299 237 42 41 318 282 42 41 102 338 45 36 52 166 36 41 341 115 43 35 334 89 30 30 157 94 31 31 445 167 38 38
./positive/img_410.png 12 109 221 47 50 174 243 40 41 265 206 49 45 295 314 49 59 483 247 48 45 251 150 34 42 319 139 35 37 433 112 38 38 511 80 36 40 234 108 28 37 190 79 27 32 35 116 31 32
./positive/img_411.png 13 320 137 29 40 264 207 45 45 226 159 35 37 101 226 53 45 140 272 45 43 306 289 43 55 462 279 44 49 520 245 47 52 536 95 30 34 430 109 38 38 229 109 34 35 189 77 25 32 36 108 32 34
./positive/img_412.png 10 156 179 33 40 105 225 50 38 266 206 42 46 321 246 41 49 481 138 29 33 427 114 39 33 318 143 31 34 231 110 28 33 191 86 22 26 39 111 31 33
./positive/img_413.png 11 321 248 38 50 261 205 47 45 141 201 34 34 93 228 55 42 38 107 33 35 183 82 30 33 229 110 32 34 316 142 34 33 432 113 37 32 441 153 32 34 400 324 42 48
./positive/img_414.png 12 324 245 36 54 262 204 44 44 139 196 39 39 98 225 51 43 27 282 59 64 347 305 56 49 399 152 38 38 429 111 39 37 304 128 31 40 228 109 33 35 176 88 25 30 38 110 32 32
./positive/img_42.png 9 226 206 33 43 246 233 38 39 43 219 54 45 294 111 37 39 381 164 33 35 355 244 31 35 340 281 37 44 143 119 35 32 281 82 28 34
./positive/img_43.png 9 319 271 34 37 360 294 37 41 178 285 43 36 183 246 34 35 258 171 39 34 200 135 32 37 162 116 35 32 108 190 36 36 568 154 25 46
./positive/img_44.png 8 242 164 35 40 200 135 34 38 163 115 29 33 137 177 37 40 151 222 41 37 135 294 41 35 311 276 36 37 359 298 39 38
./positive/img_45.png 8 164 226 37 36 270 169 34 38 204 140 28 32 164 117 31 33 162 163 32 40 102 318 42 35 311 276 38 39 361 297 36 43
./positive/img_46.png 8 183 250 45 44 90 318 42 39 312 277 36 38 361 292 37 45 340 162 40 40 162 164 33 38 205 137 29 40 159 117 37 34
./positive/img_47.png 9 164 159 38 38 208 130 29 41 165 111 34 35 403 154 39 38 225 268 36 37 316 275 37 36 363 301 37 35 224 332 40 42 94 313 43 40
./positive/img_48.png 8 279 267 30 32 220 285 36 41 127 289 44 42 474 130 37 40 399 258 34 39 230 120 31 34 190 144 33 35 198 91 30 35
./positive/img_49.png 8 238 232 36 39 180 257 39 35 388 223 31 33 464 210 31 41 528 91 27 37 268 98 34 34 261 57 31 34 234 120 31 36
./positive/img_5.png 6 273 93 31 38 368 172 36 38 365 257 36 36 356 299 35 39 474 237 35 36 551 89 25 34
./positive/img_50.png 8 255 196 42 45 242 247 35 36 437 218 33 33 384 233 38 36 532 175 35 42 334 110 35 31 281 114 31 33 328 32 30 38
./positive/img_51.png 7 326 91 36 36 243 166 36 36 265 240 37 38 372 207 37 38 458 209 32 38 374 124 30 36 365 19 26 40
./positive/img_52.png 6 358 72 30 31 366 23 27 34 385 169 34 31 461 213 29 31 307 215 41 34 264 244 38 33
./positive/img_53.png 8 400 171 34 36 457 205 26 34 515 186 34 37 281 191 33 36 261 242 36 33 365 65 28 34 363 20 23 34 189 128 32 32
./positive/img_54.png 10 419 188 31 35 382 165 31 35 231 221 33 35 230 159 37 36 183 132 31 30 339 52 30 36 336 10 25 35 534 82 36 34 452 156 34 37 553 125 29 37
./positive/img_55.png 12 202 201 35 34 206 147 32 35 174 127 30 30 311 42 31 31 312 3 29 31 517 57 28 40 518 113 32 35 539 284 33 41 568 243 26 42 388 171 33 40 394 127 30 36 355 150 29 34
./positive/img_56.png 13 348 148 28 34 384 173 28 29 200 145 28 32 197 198 33 37 169 123 28 30 361 112 36 36 512 110 30 34 525 47 27 32 532 280 32 39 557 237 32 40 543 25 30 28 307 41 29 27 305 1 24 31
./positive/img_57.png 11 346 145 28 37 380 169 29 33 335 99 33 35 196 139 37 35 192 197 37 37 166 119 32 34 307 38 27 35 523 47 27 31 553 234 34 45 525 277 35 39 541 18 28 34
./positive/img_58.png 13 381 165 30 38 339 143 38 35 336 98 33 37 290 39 28 27 218 137 27 39 176 128 34 31 195 198 33 34 521 43 28 33 541 20 33 33 505 112 35 32 559 237 28 40 526 276 34 42 550 335 34 40
./positive/img_59.png 12 379 161 29 41 337 146 32 35 333 98 31 36 256 145 37 36 203 153 31 29 188 200 40 33 555 237 30 40 525 275 36 45 507 106 32 42 520 42 27 35 540 24 32 33 246 39 37 31
./positive/img_6.png 7 399 189 32 30 403 272 34 32 487 205 32 43 569 158 25 37 557 63 30 42 275 95 30 33 376 324 39 37
./positive/img_60.png 14 187 199 34 35 148 229 34 34 251 160 30 36 280 199 28 32 344 196 35 37 483 134 28 33 499 68 23 29 516 35 31 39 522 267 30 47 489 316 37 39 555 242 32 42 302 124 31 33 187 48 34 36 267 12 31 35
./positive/img_61.png 13 231 176 37 33 169 250 36 39 95 263 39 32 304 223 36 37 453 155 28 38 486 70 26 34 507 69 32 32 536 262 36 45 485 309 35 43 552 321 36 43 238 238 37 37 232 31 35 38 263 150 35 34
./positive/img_62.png 10 214 178 38 41 202 229 35 35 255 270 37 34 212 297 37 34 137 310 39 39 59 310 36 39 194 57 31 37 471 77 29 35 494 110 34 32 513 279 39 51
./positive/img_63.png 10 203 197 30 36 201 255 29 32 234 283 38 38 195 314 36 42 478 70 26 32 507 134 34 32 522 278 39 41 396 201 28 35 88 317 41 42 173 70 34 34
./positive/img_64.png 11 250 226 37 32 205 241 34 33 161 211 41 33 150 256 33 32 138 302 36 41 432 215 34 34 524 316 42 39 281 136 30 38 246 193 32 31 329 27 32 31 142 45 33 28
./positive/img_65.png 10 304 180 46 37 230 170 42 39 216 211 33 31 201 194 27 30 16 310 46 36 252 328 36 41 445 217 29 37 397 134 31 35 277 141 32 35 324 150 31 33
./positive/img_66.png 14 228 278 39 40 168 318 41 40 139 281 40 43 92 221 36 36 30 201 41 40 256 156 31 32 299 178 29 32 364 163 36 37 352 127 26 32 282 121 33 38 102 46 38 34 398 137 28 36 455 201 26 34 478 171 30 37
./positive/img_67.png 13 360 165 32 36 340 202 36 36 275 168 34 32 192 256 46 45 134 237 41 38 124 266 44 53 111 183 40 41 149 54 32 39 287 126 36 37 432 173 32 30 390 179 36 41 436 223 44 45 528 232 39 46
./positive/img_68.png 11 323 165 40 37 203 158 39 40 175 207 40 45 196 236 42 40 115 229 51 53 88 146 35 36 243 58 33 38 375 179 39 41 431 185 38 48 353 129 29 34 486 184 40 39
./positive/img_69.png 12 203 181 41 44 102 167 40 41 336 143 34 37 411 154 36 40 542 157 29 37 471 173 44 41 476 207 36 41 545 227 38 44 482 259 45 44 482 77 38 36 275 199 34 43 287 179 42 40
./positive/img_7.png 5 273 91 33 40 441 197 39 37 445 281 44 44 504 174 28 43 567 147 28 45
./positive/img_70.png 10 262 168 42 46 198 159 35 39 19 139 33 37 447 162 33 36 352 172 38 42 317 192 38 39 520 234 33 41 536 292 41 50 538 188 45 44 500 159 40 39
./positive/img_71.png 8 182 130 38 42 256 109 29 34 316 100 36 38 355 129 40 42 427 163 33 35 454 197 37 35 512 185 34 41 491 222 37 38
./positive/img_72.png 8 154 210 54 47 164 272 56 52 126 148 40 39 215 130 29 31 478 115 28 35 541 134 31 37 220 327 59 47 525 329 57 46
./positive/img_73.png 7 192 247 51 53 65 228 53 48 170 187 34 42 147 137 35 41 408 123 39 39 271 245 46 42 559 121 29 38
./positive/img_74.png 9 261 166 37 41 251 214 34 37 315 256 35 40 42 298 52 57 95 196 52 46 495 175 51 46 497 321 60 57 535 134 30 35 271 124 32 37
./positive/img_75.png 9 260 163 38 40 255 199 35 39 312 272 41 52 488 300 50 63 501 190 36 38 534 131 30 35 60 272 43 58 58 194 46 43 271 124 30 36
./positive/img_76.png 9 341 157 38 42 324 192 35 36 311 270 45 49 138 226 42 44 143 166 41 39 69 324 62 54 496 287 52 61 510 211 48 47 377 118 30 41
./positive/img_77.png 11 242 144 38 41 210 197 43 44 323 257 40 53 213 313 59 58 137 305 56 56 89 284 45 52 23 156 44 46 76 145 38 43 480 120 29 37 421 162 37 35 482 236 43 49
./positive/img_78.png 12 313 180 38 43 169 262 46 49 206 278 50 57 16 328 56 48 188 128 39 38 383 141 32 39 483 186 42 44 533 167 37 43 446 244 40 55 339 250 52 50 278 323 54 55 151 239 39 45
./positive/img_79.png 10 351 245 41 47 222 279 45 49 182 259 51 46 170 235 38 38 52 334 44 43 480 167 36 44 528 147 37 46 379 120 37 35 321 165 37 40 201 107 36 38
./positive/img_8.png 7 274 93 29 41 489 213 34 33 452 289 38 33 516 155 30 34 547 91 31 31 565 193 29 35 567 153 26 37
./positive/img_80.png 11 365 155 40 48 205 214 41 37 203 239 47 41 227 265 47 49 8 291 59 49 257 321 53 54 356 237 44 50 455 235 41 39 523 183 40 40 448 117 28 39 271 98 38 37
./positive/img_81.png 12 240 191 32 33 246 224 38 37 268 261 37 34 50 306 45 38 86 340 34 35 297 335 44 42 507 239 36 35 506 162 28 29 554 137 33 37 372 128 35 34 287 47 35 33 3 176 30 38
./positive/img_82.png 13 290 164 30 32 274 201 36 33 286 235 33 36 287 323 38 32 113 279 34 40 51 244 42 38 77 114 29 39 420 121 33 33 508 72 27 33 541 175 36 30 515 285 34 36 429 227 34 31 365 21 33 33
./positive/img_83.png 12 314 136 32 33 280 198 37 31 286 233 36 36 284 321 40 31 113 281 35 36 50 243 41 36 74 118 33 32 363 25 33 32 507 72 28 30 542 172 33 36 464 237 33 33 493 322 30 38
./positive/img_84.png 11 350 111 29 33 276 202 41 31 288 235 31 34 114 284 31 34 47 245 40 33 287 320 39 36 514 260 35 35 420 115 39 36 509 69 25 35 365 22 33 33 73 112 36 38
./positive/img_85.png 12 289 198 35 36 324 233 41 36 298 320 40 34 136 299 47 36 60 243 42 37 4 226 40 37 89 115 30 36 387 91 23 30 437 119 28 29 519 72 23 29 557 207 37 38 373 20 31 35
./positive/img_86.png 12 322 192 34 38 389 219 34 35 336 312 38 38 210 322 35 34 97 242 42 34 43 195 38 38 122 110 27 37 399 19 31 32 407 65 26 31 545 70 26 32 465 115 32 36 553 213 36 36
./positive/img_87.png 10 387 312 39 36 142 235 47 39 104 172 33 38 163 108 33 39 365 196 35 33 464 201 28 29 504 114 34 37 267 339 38 34 441 20 26 29 441 51 29 30
./positive/img_88.png 10 188 163 40 44 201 121 34 39 190 256 47 35 407 205 42 41 515 183 29 36 437 331 39 40 484 59 27 34 479 26 31 31 522 20 32 33 549 122 32 39
./positive/img_89.png 9 220 126 31 43 247 179 38 36 202 264 49 41 431 217 38 39 529 170 26 32 464 341 41 35 563 246 30 37 501 68 28 34 496 36 29 31
./positive/img_9.png 6 451 290 39 33 492 215 32 34 525 183 36 33 521 146 29 33 537 113 32 34 567 151 28 40
./positive/img_90.png 10 291 182 35 36 221 135 36 36 213 270 42 37 419 223 39 35 524 254 37 36 526 141 25 33 502 40 30 28 506 69 27 36 542 35 35 29 468 347 43 31
./positive/img_91.png 8 321 158 32 36 226 132 29 39 216 269 42 34 495 259 40 36 522 118 28 38 509 71 24 32 503 40 28 29 540 35 31 29
./positive/img_92.png 8 363 170 36 37 225 141 34 41 203 263 47 44 407 235 38 41 497 269 45 36 552 141 25 32 541 107 25 32 528 78 33 28
./positive/img_93.png 6 300 236 41 43 290 126 32 39 448 155 40 36 472 229 34 30 537 245 41 37 565 62 29 32
./positive/img_94.png 4 315 111 30 43 447 162 30 32 501 234 37 38 535 230 38 38
./positive/img_95.png 5 426 177 35 37 328 111 36 39 501 232 39 35 514 257 35 34 550 304 43 45
./positive/img_96.png 7 206 243 40 45 310 330 47 46 476 268 37 36 532 280 38 43 491 342 45 33 475 109 28 41 457 205 36 34
./positive/img_97.png 6 422 206 41 42 256 181 40 40 281 309 41 48 449 304 37 34 554 301 34 42 539 133 31 41
./positive/img_98.png 5 370 195 42 41 303 154 38 38 277 306 45 45 438 318 36 39 548 138 35 37
./positive/img_99.png 5 355 174 44 43 266 282 44 43 180 327 45 44 42 328 43 49 350 142 38 35
